#Learned shoot vs pass weights
#Mon Jan 26 08:11:35 PST 2026
w.ballXAttack=0.4352422931193041
w.bestPassScore=-1.9161851158051244
w.distToGoal=0.48885255351548085
w.goalLane=0.9611122137651777
w.inShootZone=1.1331572736574713
w.safePassCount=-0.11039528981357656
