#Learned pass scoring weights
#Mon Jan 26 08:13:08 PST 2026
w.central=-9.29331474117491
w.forward=5.319870388895437
w.lane=-3.7778180812631765
w.openness=-8.625630069484396
w.range=-8.167886871191085
