#Learned off-ball positioning weights
#Mon Jan 26 08:14:18 PST 2026
wa.0=-3.599583391933739
wa.1=13.294210062460836
wa.2=8.246178693366057
wa.3=11.632181494304236
wa.4=3.939795789187325
wa.5=20.41164023279064
wd.0=10.778958527295282
wd.1=8.000140974865136
wd.2=5.0456523457306455
wd.3=8.154417961334861
wd.4=4.17244636045083
